SEASON_ID,PLAYER_ID,PLAYER_NAME,TEAM_ID,TEAM_ABBREVIATION,TEAM_NAME,PLAY_TYPE,TYPE_GROUPING,PPP PERCENTILE,GP,POSS_PCT,PPP,FG_PCT,FT_POSS_PCT,TOV_POSS_PCT,SF_POSS_PCT,PLUSONE_POSS_PCT,SCORE_POSS_PCT,EFG_PCT,POSS,PTS,FGM,FGA,FGMX,Season,POSS PCT PERCENTILE
22021,1629057,Robert Williams III,1610612738,BOS,Boston Celtics,Handoff,Defensive,1.0,61,0.018,0.214,0.071,0.0,0.0,0.0,0.0,0.071,0.107,0.2,0.0,0.0,0.2,0.2,2021-22,0.034383954154727794
22021,1630172,Patrick Williams,1610612741,CHI,Chicago Bulls,Handoff,Defensive,0.977,17,0.068,0.455,0.111,0.27,0.0,0.18,0.09,0.273,0.111,0.6,0.3,0.1,0.5,0.5,2021-22,0.32808022922636104
22021,203925,Joe Harris,1610612751,BKN,Brooklyn Nets,Handoff,Defensive,0.989,14,0.102,0.385,0.167,0.0,0.08,0.0,0.0,0.154,0.208,0.9,0.4,0.1,0.9,0.7,2021-22,0.8510028653295129
22021,1628367,Josh Jackson,1610612765,DET,Detroit Pistons,Handoff,Defensive,0.997,39,0.074,0.278,0.133,0.0,0.17,0.0,0.0,0.111,0.167,0.5,0.1,0.1,0.4,0.3,2021-22,0.4169054441260745
22021,1630174,Aaron Nesmith,1610612738,BOS,Boston Celtics,Handoff,Defensive,0.98,52,0.076,0.429,0.182,0.0,0.21,0.0,0.0,0.143,0.273,0.3,0.1,0.0,0.2,0.2,2021-22,0.45702005730659023
22021,202397,Ish Smith,1610612766,CHA,Charlotte Hornets,Handoff,Defensive,0.994,37,0.11,0.353,0.231,0.0,0.24,0.0,0.0,0.176,0.231,0.5,0.2,0.1,0.4,0.3,2021-22,0.9154727793696275
22021,1629675,Naz Reid,1610612750,MIN,Minnesota Timberwolves,Handoff,Defensive,0.834,77,0.019,0.7,0.222,0.1,0.0,0.1,0.0,0.3,0.278,0.1,0.1,0.0,0.1,0.1,2021-22,0.04011461318051576
22021,1630192,Zeke Nnaji,1610612743,DEN,Denver Nuggets,Handoff,Defensive,0.881,41,0.044,0.636,0.273,0.0,0.0,0.0,0.0,0.273,0.318,0.3,0.2,0.1,0.3,0.2,2021-22,0.1346704871060172
22021,203500,Steven Adams,1610612763,MEM,Memphis Grizzlies,Handoff,Defensive,0.92,76,0.011,0.583,0.273,0.0,0.08,0.0,0.0,0.25,0.318,0.2,0.1,0.0,0.1,0.1,2021-22,0.0071633237822349575
22021,1629655,Daniel Gafford,1610612764,WAS,Washington Wizards,Handoff,Defensive,0.92,72,0.015,0.583,0.25,0.0,0.0,0.0,0.0,0.25,0.292,0.2,0.1,0.0,0.2,0.1,2021-22,0.02005730659025788
22021,1629651,Nic Claxton,1610612751,BKN,Brooklyn Nets,Handoff,Defensive,0.92,47,0.025,0.583,0.3,0.0,0.17,0.0,0.0,0.25,0.35,0.3,0.1,0.1,0.2,0.1,2021-22,0.06017191977077364
22021,1628978,Donte DiVincenzo,1610612749,MIL,Milwaukee Bucks,Handoff,Defensive,0.687,17,0.082,0.8,0.25,0.2,0.0,0.2,0.0,0.3,0.313,0.6,0.5,0.1,0.5,0.4,2021-22,0.5487106017191977
22021,203506,Victor Oladipo,1610612748,MIA,Miami Heat,Handoff,Defensive,0.687,8,0.175,0.8,0.286,0.1,0.2,0.1,0.0,0.3,0.357,1.3,1.0,0.3,0.9,0.6,2021-22,0.997134670487106
22021,1630168,Onyeka Okongwu,1610612737,ATL,Atlanta Hawks,Handoff,Defensive,0.687,48,0.02,0.8,0.3,0.1,0.0,0.1,0.1,0.3,0.35,0.2,0.2,0.1,0.2,0.1,2021-22,0.044412607449856735
22021,1630190,Elijah Hughes,1610612757,POR,Portland Trail Blazers,Handoff,Defensive,0.687,22,0.111,0.8,0.333,0.0,0.1,0.0,0.0,0.3,0.444,0.5,0.4,0.1,0.4,0.3,2021-22,0.9240687679083095
22021,1630240,Saben Lee,1610612765,DET,Detroit Pistons,Handoff,Defensive,0.793,38,0.051,0.727,0.444,0.0,0.18,0.0,0.0,0.364,0.444,0.3,0.2,0.1,0.2,0.1,2021-22,0.17335243553008595
22021,203939,Dwight Powell,1610612742,DAL,Dallas Mavericks,Handoff,Defensive,0.934,82,0.017,0.571,0.273,0.14,0.07,0.14,0.0,0.357,0.273,0.2,0.1,0.0,0.1,0.1,2021-22,0.027220630372492838
22021,204456,T.J. McConnell,1610612754,IND,Indiana Pacers,Handoff,Defensive,0.934,27,0.063,0.571,0.364,0.0,0.21,0.0,0.0,0.286,0.364,0.5,0.3,0.1,0.4,0.3,2021-22,0.27650429799426934
22021,203145,Kent Bazemore,1610612747,LAL,Los Angeles Lakers,Handoff,Defensive,0.974,39,0.072,0.471,0.125,0.12,0.41,0.12,0.0,0.176,0.188,0.4,0.2,0.0,0.2,0.2,2021-22,0.3825214899713467
22021,1628425,Sterling Brown,1610612742,DAL,Dallas Mavericks,Handoff,Defensive,0.983,49,0.096,0.4,0.235,0.0,0.15,0.0,0.0,0.2,0.235,0.4,0.2,0.1,0.3,0.3,2021-22,0.7736389684813754
22021,1628389,Bam Adebayo,1610612748,MIA,Miami Heat,Handoff,Defensive,0.517,56,0.015,0.9,0.5,0.0,0.2,0.0,0.0,0.4,0.563,0.2,0.2,0.1,0.1,0.1,2021-22,0.02005730659025788
22021,1630314,Brandon Williams,1610612757,POR,Portland Trail Blazers,Handoff,Defensive,0.657,24,0.048,0.818,0.273,0.09,0.0,0.09,0.09,0.273,0.364,0.5,0.4,0.1,0.5,0.3,2021-22,0.1504297994269341
22021,203915,Spencer Dinwiddie,1610612742,DAL,Dallas Mavericks,Handoff,Defensive,0.657,23,0.052,0.818,0.3,0.09,0.09,0.09,0.09,0.273,0.4,0.5,0.4,0.1,0.4,0.3,2021-22,0.18481375358166188
22021,1628392,Isaiah Hartenstein,1610612746,LAC,LA Clippers,Handoff,Defensive,0.841,68,0.018,0.692,0.231,0.08,0.0,0.08,0.08,0.231,0.308,0.2,0.1,0.0,0.2,0.1,2021-22,0.034383954154727794
22021,1628372,Dennis Smith Jr.,1610612757,POR,Portland Trail Blazers,Handoff,Defensive,0.878,38,0.061,0.643,0.364,0.07,0.14,0.07,0.0,0.357,0.364,0.4,0.2,0.1,0.3,0.2,2021-22,0.25644699140401145
22021,1629308,Juan Toscano-Anderson,1610612744,GSW,Golden State Warriors,Handoff,Defensive,0.909,73,0.041,0.6,0.2,0.13,0.2,0.07,0.0,0.267,0.25,0.2,0.1,0.0,0.1,0.1,2021-22,0.12607449856733524
22021,1629011,Mitchell Robinson,1610612752,NYK,New York Knicks,Handoff,Defensive,0.909,72,0.015,0.6,0.231,0.07,0.07,0.07,0.0,0.267,0.308,0.2,0.1,0.0,0.2,0.1,2021-22,0.02005730659025788
22021,1629021,Moritz Wagner,1610612753,ORL,Orlando Magic,Handoff,Defensive,0.963,63,0.034,0.529,0.267,0.0,0.12,0.0,0.0,0.235,0.3,0.3,0.1,0.1,0.2,0.2,2021-22,0.09312320916905444
22021,203507,Giannis Antetokounmpo,1610612749,MIL,Milwaukee Bucks,Handoff,Defensive,0.991,67,0.028,0.375,0.174,0.0,0.04,0.0,0.0,0.167,0.196,0.4,0.1,0.1,0.3,0.3,2021-22,0.07736389684813753
22021,1627751,Jakob Poeltl,1610612759,SAS,San Antonio Spurs,Handoff,Defensive,0.321,68,0.008,1.0,0.667,0.1,0.3,0.1,0.0,0.5,0.75,0.1,0.1,0.1,0.1,0.0,2021-22,0.0028653295128939827
22021,203482,Kelly Olynyk,1610612765,DET,Detroit Pistons,Handoff,Defensive,0.321,40,0.026,1.0,0.375,0.1,0.1,0.1,0.0,0.4,0.5,0.3,0.3,0.1,0.2,0.1,2021-22,0.06876790830945559
22021,203918,Rodney Hood,1610612749,MIL,Milwaukee Bucks,Handoff,Defensive,0.321,39,0.061,1.0,0.4,0.0,0.0,0.0,0.0,0.4,0.5,0.3,0.3,0.1,0.3,0.2,2021-22,0.25644699140401145
22021,1630264,Anthony Gill,1610612764,WAS,Washington Wizards,Handoff,Defensive,0.321,44,0.057,1.0,0.444,0.0,0.1,0.0,0.0,0.4,0.556,0.2,0.2,0.1,0.2,0.1,2021-22,0.23209169054441262
22021,1628467,Maxi Kleber,1610612742,DAL,Dallas Mavericks,Handoff,Defensive,0.503,59,0.021,0.909,0.4,0.0,0.09,0.0,0.0,0.364,0.5,0.2,0.2,0.1,0.2,0.1,2021-22,0.050143266475644696
22021,203496,Robert Covington,1610612746,LAC,LA Clippers,Handoff,Defensive,0.503,23,0.059,0.909,0.444,0.0,0.18,0.0,0.0,0.364,0.556,0.5,0.4,0.2,0.4,0.2,2021-22,0.24212034383954154
22021,1629681,Killian Tillie,1610612763,MEM,Memphis Grizzlies,Handoff,Defensive,0.503,37,0.064,0.909,0.5,0.09,0.09,0.09,0.09,0.455,0.5,0.3,0.3,0.1,0.3,0.1,2021-22,0.2922636103151863
22021,202397,Ish Smith,1610612764,WAS,Washington Wizards,Handoff,Defensive,0.63,28,0.06,0.833,0.364,0.08,0.08,0.08,0.08,0.333,0.409,0.4,0.4,0.1,0.4,0.3,2021-22,0.24641833810888253
22021,203107,Tomas Satoransky,1610612740,NOP,New Orleans Pelicans,Handoff,Defensive,0.63,32,0.079,0.833,0.417,0.0,0.0,0.0,0.0,0.417,0.417,0.4,0.3,0.2,0.4,0.2,2021-22,0.505730659025788
22021,1626159,Justise Winslow,1610612746,LAC,LA Clippers,Handoff,Defensive,0.898,37,0.093,0.625,0.231,0.12,0.12,0.12,0.06,0.25,0.308,0.4,0.3,0.1,0.4,0.3,2021-22,0.7263610315186246
22021,203200,Justin Holiday,1610612758,SAC,Sacramento Kings,Handoff,Defensive,0.946,25,0.087,0.556,0.231,0.11,0.17,0.06,0.0,0.278,0.269,0.7,0.4,0.1,0.5,0.4,2021-22,0.6246418338108882
22021,1628988,Aaron Holiday,1610612756,PHX,Phoenix Suns,Handoff,Defensive,0.487,22,0.09,0.917,0.5,0.0,0.17,0.0,0.0,0.417,0.55,0.5,0.5,0.2,0.5,0.2,2021-22,0.6805157593123209
22021,1628408,P.J. Dozier,1610612743,DEN,Denver Nuggets,Handoff,Defensive,0.707,18,0.109,0.786,0.364,0.07,0.14,0.07,0.0,0.357,0.409,0.8,0.6,0.2,0.6,0.4,2021-22,0.9054441260744985
22021,203107,Tomas Satoransky,1610612764,WAS,Washington Wizards,Handoff,Defensive,0.847,22,0.09,0.688,0.286,0.0,0.12,0.0,0.0,0.25,0.393,0.7,0.5,0.2,0.6,0.5,2021-22,0.6805157593123209
22021,1630169,Tyrese Haliburton,1610612754,IND,Indiana Pacers,Handoff,Defensive,0.875,26,0.063,0.647,0.267,0.0,0.12,0.0,0.0,0.235,0.367,0.7,0.4,0.2,0.6,0.4,2021-22,0.27650429799426934
22021,1628432,Davon Reed,1610612743,DEN,Denver Nuggets,Handoff,Defensive,0.901,48,0.074,0.611,0.25,0.0,0.11,0.0,0.0,0.222,0.344,0.4,0.2,0.1,0.3,0.3,2021-22,0.4169054441260745
22021,1626208,Keifer Sykes,1610612754,IND,Indiana Pacers,Handoff,Defensive,0.926,32,0.113,0.579,0.25,0.11,0.11,0.11,0.05,0.263,0.281,0.6,0.3,0.1,0.5,0.4,2021-22,0.9340974212034384
22021,1629216,Gabe Vincent,1610612748,MIA,Miami Heat,Handoff,Defensive,0.954,68,0.034,0.55,0.176,0.15,0.05,0.15,0.05,0.25,0.235,0.3,0.2,0.0,0.3,0.2,2021-22,0.09312320916905444
22021,201935,James Harden,1610612755,PHI,Philadelphia 76ers,Handoff,Defensive,0.954,21,0.084,0.55,0.211,0.1,0.0,0.1,0.05,0.25,0.211,1.0,0.5,0.2,0.9,0.7,2021-22,0.5816618911174785
22021,1629109,Gary Clark,1610612740,NOP,New Orleans Pelicans,Handoff,Defensive,0.094,37,0.079,1.2,0.5,0.1,0.1,0.0,0.0,0.5,0.625,0.3,0.3,0.1,0.2,0.1,2021-22,0.505730659025788
22021,203504,Trey Burke,1610612742,DAL,Dallas Mavericks,Handoff,Defensive,0.094,42,0.075,1.2,0.625,0.1,0.2,0.1,0.1,0.5,0.75,0.2,0.3,0.1,0.2,0.1,2021-22,0.4355300859598854
22021,202357,Nemanja Bjelica,1610612744,GSW,Golden State Warriors,Handoff,Defensive,0.191,71,0.017,1.091,0.444,0.18,0.09,0.18,0.09,0.455,0.556,0.2,0.2,0.1,0.1,0.1,2021-22,0.027220630372492838
22021,1629139,Yuta Watanabe,1610612761,TOR,Toronto Raptors,Handoff,Defensive,0.191,38,0.067,1.091,0.5,0.0,0.09,0.0,0.0,0.455,0.6,0.3,0.3,0.1,0.3,0.1,2021-22,0.3209169054441261
22021,200765,Rajon Rondo,1610612739,CLE,Cleveland Cavaliers,Handoff,Defensive,0.321,21,0.089,1.0,0.417,0.0,0.0,0.0,0.0,0.417,0.5,0.6,0.6,0.2,0.6,0.3,2021-22,0.66189111747851
22021,1628021,David Nwaba,1610612745,HOU,Houston Rockets,Handoff,Defensive,0.321,46,0.049,1.0,0.455,0.08,0.08,0.08,0.08,0.417,0.5,0.3,0.3,0.1,0.2,0.1,2021-22,0.15759312320916904
22021,202954,Brad Wanamaker,1610612754,IND,Indiana Pacers,Handoff,Defensive,0.321,22,0.108,1.0,0.455,0.0,0.08,0.0,0.0,0.417,0.545,0.5,0.5,0.2,0.5,0.3,2021-22,0.8997134670487106
22021,1629641,Romeo Langford,1610612738,BOS,Boston Celtics,Handoff,Defensive,0.593,44,0.065,0.857,0.333,0.14,0.0,0.07,0.0,0.429,0.375,0.3,0.3,0.1,0.3,0.2,2021-22,0.30515759312320917
22021,1630527,Brandon Boston,1610612746,LAC,LA Clippers,Handoff,Defensive,0.687,51,0.069,0.8,0.333,0.07,0.13,0.07,0.0,0.333,0.417,0.3,0.2,0.1,0.2,0.2,2021-22,0.33954154727793695
22021,1630201,Malachi Flynn,1610612761,TOR,Toronto Raptors,Handoff,Defensive,0.82,44,0.099,0.706,0.286,0.18,0.06,0.18,0.06,0.353,0.286,0.4,0.3,0.1,0.3,0.2,2021-22,0.8180515759312321
22021,1629717,Armoni Brooks,1610612745,HOU,Houston Rockets,Handoff,Defensive,0.82,42,0.083,0.706,0.313,0.0,0.06,0.0,0.0,0.294,0.375,0.4,0.3,0.1,0.4,0.3,2021-22,0.5659025787965616
22021,203076,Anthony Davis,1610612747,LAL,Los Angeles Lakers,Handoff,Defensive,0.891,41,0.031,0.632,0.235,0.11,0.0,0.11,0.0,0.263,0.294,0.5,0.3,0.1,0.4,0.3,2021-22,0.08022922636103152
22021,203490,Otto Porter Jr.,1610612744,GSW,Golden State Warriors,Handoff,Defensive,0.891,63,0.049,0.632,0.357,0.0,0.26,0.0,0.0,0.263,0.429,0.3,0.2,0.1,0.2,0.1,2021-22,0.15759312320916904
22021,1629004,Svi Mykhailiuk,1610612761,TOR,Toronto Raptors,Handoff,Defensive,0.045,56,0.047,1.3,0.5,0.0,0.0,0.0,0.0,0.5,0.65,0.2,0.2,0.1,0.2,0.1,2021-22,0.14326647564469913
22021,202685,Jonas Valanciunas,1610612740,NOP,New Orleans Pelicans,Handoff,Defensive,0.574,74,0.012,0.867,0.357,0.0,0.07,0.0,0.0,0.333,0.464,0.2,0.2,0.1,0.2,0.1,2021-22,0.011461318051575931
22021,1627734,Domantas Sabonis,1610612754,IND,Indiana Pacers,Handoff,Defensive,0.75,47,0.025,0.765,0.4,0.0,0.12,0.0,0.0,0.353,0.433,0.4,0.3,0.1,0.3,0.2,2021-22,0.06017191977077364
22021,1629056,Terence Davis,1610612758,SAC,Sacramento Kings,Handoff,Defensive,0.96,30,0.132,0.542,0.182,0.08,0.0,0.08,0.0,0.25,0.205,0.8,0.4,0.1,0.7,0.6,2021-22,0.9770773638968482
22021,101150,Lou Williams,1610612737,ATL,Atlanta Hawks,Handoff,Defensive,0.96,56,0.099,0.542,0.2,0.08,0.12,0.08,0.04,0.208,0.275,0.4,0.2,0.1,0.4,0.3,2021-22,0.8180515759312321
22021,1630182,Josh Green,1610612742,DAL,Dallas Mavericks,Handoff,Defensive,0.986,67,0.088,0.394,0.192,0.06,0.18,0.06,0.03,0.182,0.192,0.5,0.2,0.1,0.4,0.3,2021-22,0.6418338108882522
22021,1629620,Justin Robinson,1610612749,MIL,Milwaukee Bucks,Handoff,Defensive,0.023,17,0.133,1.4,0.667,0.0,0.1,0.0,0.0,0.6,0.778,0.6,0.8,0.4,0.5,0.2,2021-22,0.9828080229226361
22021,1626204,Larry Nance Jr.,1610612757,POR,Portland Trail Blazers,Handoff,Defensive,0.12,37,0.039,1.167,0.5,0.08,0.08,0.08,0.0,0.5,0.6,0.3,0.4,0.1,0.3,0.1,2021-22,0.11174785100286533
22021,1627863,Danuel House Jr.,1610612745,HOU,Houston Rockets,Handoff,Defensive,0.12,17,0.145,1.167,0.556,0.08,0.17,0.08,0.0,0.5,0.667,0.7,0.8,0.3,0.5,0.2,2021-22,0.9885386819484241
22021,203210,JaMychal Green,1610612743,DEN,Denver Nuggets,Handoff,Defensive,0.214,67,0.034,1.077,0.5,0.08,0.15,0.08,0.0,0.462,0.65,0.2,0.2,0.1,0.1,0.1,2021-22,0.09312320916905444
22021,1628963,Marvin Bagley III,1610612758,SAC,Sacramento Kings,Handoff,Defensive,0.214,30,0.049,1.077,0.5,0.15,0.15,0.15,0.08,0.462,0.6,0.4,0.5,0.2,0.3,0.2,2021-22,0.15759312320916904
22021,1629744,Matt Thomas,1610612741,CHI,Chicago Bulls,Handoff,Defensive,0.454,40,0.101,0.933,0.462,0.0,0.13,0.0,0.0,0.4,0.538,0.4,0.4,0.2,0.3,0.2,2021-22,0.8424068767908309
22021,1629164,Brandon Goodwin,1610612739,CLE,Cleveland Cavaliers,Handoff,Defensive,0.56,36,0.087,0.875,0.429,0.0,0.12,0.0,0.0,0.375,0.5,0.4,0.4,0.2,0.4,0.2,2021-22,0.6246418338108882
22021,1629023,P.J. Washington,1610612766,CHA,Charlotte Hornets,Handoff,Defensive,0.648,65,0.025,0.824,0.333,0.06,0.06,0.06,0.0,0.353,0.433,0.3,0.2,0.1,0.2,0.2,2021-22,0.06017191977077364
22021,1630167,Obi Toppin,1610612752,NYK,New York Knicks,Handoff,Defensive,0.719,72,0.047,0.778,0.313,0.11,0.06,0.11,0.06,0.333,0.375,0.3,0.2,0.1,0.2,0.2,2021-22,0.14326647564469913
22021,1630198,Isaiah Joe,1610612755,PHI,Philadelphia 76ers,Handoff,Defensive,0.778,55,0.086,0.737,0.333,0.11,0.11,0.11,0.0,0.368,0.367,0.3,0.3,0.1,0.3,0.2,2021-22,0.6074498567335244
22021,1629006,Josh Okogie,1610612750,MIN,Minnesota Timberwolves,Handoff,Defensive,0.834,49,0.095,0.7,0.313,0.1,0.1,0.1,0.0,0.35,0.375,0.4,0.3,0.1,0.3,0.2,2021-22,0.7535816618911175
22021,1629162,Jordan McLaughlin,1610612750,MIN,Minnesota Timberwolves,Handoff,Defensive,0.903,62,0.072,0.609,0.222,0.13,0.13,0.13,0.04,0.261,0.25,0.4,0.2,0.1,0.3,0.2,2021-22,0.3825214899713467
22021,1630581,Josh Giddey,1610612760,OKC,Oklahoma City Thunder,Handoff,Defensive,0.943,54,0.05,0.56,0.25,0.08,0.16,0.04,0.04,0.24,0.275,0.5,0.3,0.1,0.4,0.3,2021-22,0.16475644699140402
22021,1630535,Greg Brown III,1610612757,POR,Portland Trail Blazers,Handoff,Defensive,0.06,48,0.051,1.25,0.5,0.08,0.08,0.08,0.0,0.5,0.7,0.3,0.3,0.1,0.2,0.1,2021-22,0.17335243553008595
22021,1630561,David Duke Jr.,1610612751,BKN,Brooklyn Nets,Handoff,Defensive,0.439,22,0.117,0.938,0.5,0.06,0.19,0.06,0.0,0.438,0.542,0.7,0.7,0.3,0.5,0.3,2021-22,0.9527220630372493
22021,1627747,Caris LeVert,1610612739,CLE,Cleveland Cavaliers,Handoff,Defensive,0.63,19,0.105,0.833,0.5,0.0,0.22,0.0,0.0,0.389,0.536,0.9,0.8,0.4,0.7,0.4,2021-22,0.8810888252148997
22021,203087,Jeremy Lamb,1610612754,IND,Indiana Pacers,Handoff,Defensive,0.809,39,0.106,0.714,0.316,0.0,0.1,0.0,0.0,0.286,0.395,0.5,0.4,0.2,0.5,0.3,2021-22,0.8911174785100286
22021,1630197,Alekesej Pokusevski,1610612760,OKC,Oklahoma City Thunder,Handoff,Defensive,0.809,61,0.047,0.714,0.267,0.19,0.14,0.14,0.05,0.286,0.367,0.3,0.2,0.1,0.2,0.2,2021-22,0.14326647564469913
22021,201565,Derrick Rose,1610612752,NYK,New York Knicks,Handoff,Defensive,0.86,26,0.095,0.682,0.294,0.09,0.14,0.09,0.0,0.318,0.353,0.8,0.6,0.2,0.7,0.5,2021-22,0.7535816618911175
22021,203497,Rudy Gobert,1610612762,UTA,Utah Jazz,Handoff,Defensive,0.14,66,0.011,1.143,0.462,0.07,0.07,0.07,0.07,0.429,0.577,0.2,0.2,0.1,0.2,0.1,2021-22,0.0071633237822349575
22021,1629634,Brandon Clarke,1610612763,MEM,Memphis Grizzlies,Handoff,Defensive,0.228,64,0.033,1.067,0.462,0.07,0.07,0.07,0.0,0.467,0.577,0.2,0.3,0.1,0.2,0.1,2021-22,0.0830945558739255
22021,203503,Tony Snell,1610612757,POR,Portland Trail Blazers,Handoff,Defensive,0.228,38,0.074,1.067,0.4,0.2,0.13,0.2,0.0,0.467,0.5,0.4,0.4,0.1,0.3,0.2,2021-22,0.4169054441260745
22021,1629060,Rui Hachimura,1610612764,WAS,Washington Wizards,Handoff,Defensive,0.321,42,0.054,1.0,0.375,0.0,0.0,0.0,0.0,0.375,0.5,0.4,0.4,0.1,0.4,0.2,2021-22,0.20630372492836677
22021,1627854,Bryn Forbes,1610612743,DEN,Denver Nuggets,Handoff,Defensive,0.321,35,0.098,1.0,0.417,0.12,0.12,0.12,0.0,0.438,0.5,0.5,0.5,0.1,0.3,0.2,2021-22,0.8065902578796562
22021,1629669,Jaylen Nowell,1610612750,MIN,Minnesota Timberwolves,Handoff,Defensive,0.321,62,0.056,1.0,0.357,0.12,0.06,0.12,0.06,0.375,0.464,0.3,0.3,0.1,0.2,0.1,2021-22,0.22206303724928367
22021,1628373,Frank Ntilikina,1610612742,DAL,Dallas Mavericks,Handoff,Defensive,0.43,58,0.075,0.941,0.429,0.12,0.06,0.12,0.0,0.471,0.429,0.3,0.3,0.1,0.2,0.1,2021-22,0.4355300859598854
22021,1627854,Bryn Forbes,1610612759,SAS,San Antonio Spurs,Handoff,Defensive,0.43,40,0.094,0.941,0.375,0.06,0.0,0.06,0.0,0.412,0.438,0.4,0.4,0.2,0.4,0.3,2021-22,0.7378223495702005
22021,1627863,Danuel House Jr.,1610612762,UTA,Utah Jazz,Handoff,Defensive,0.537,25,0.089,0.889,0.389,0.0,0.0,0.0,0.0,0.389,0.444,0.7,0.6,0.3,0.7,0.4,2021-22,0.66189111747851
22021,1629622,Max Strus,1610612748,MIA,Miami Heat,Handoff,Defensive,0.537,68,0.034,0.889,0.429,0.06,0.17,0.06,0.0,0.389,0.5,0.3,0.2,0.1,0.2,0.1,2021-22,0.09312320916905444
22021,1629667,Jalen McDaniels,1610612766,CHA,Charlotte Hornets,Handoff,Defensive,0.687,55,0.054,0.8,0.316,0.0,0.05,0.0,0.0,0.3,0.421,0.4,0.3,0.1,0.3,0.2,2021-22,0.20630372492836677
22021,1630631,Jose Alvarado,1610612740,NOP,New Orleans Pelicans,Handoff,Defensive,0.934,54,0.096,0.571,0.143,0.14,0.11,0.14,0.0,0.25,0.214,0.5,0.3,0.1,0.4,0.3,2021-22,0.7736389684813754
22021,1628470,Torrey Craig,1610612754,IND,Indiana Pacers,Handoff,Defensive,0.949,51,0.068,0.552,0.208,0.14,0.03,0.14,0.0,0.276,0.271,0.6,0.3,0.1,0.5,0.4,2021-22,0.32808022922636104
22021,1630188,Jalen Smith,1610612754,IND,Indiana Pacers,Handoff,Defensive,0.006,22,0.05,1.7,0.667,0.1,0.1,0.1,0.1,0.6,0.889,0.5,0.8,0.3,0.4,0.1,2021-22,0.16475644699140402
22021,1628964,Mo Bamba,1610612753,ORL,Orlando Magic,Handoff,Defensive,0.037,71,0.014,1.308,0.583,0.08,0.0,0.08,0.0,0.615,0.625,0.2,0.2,0.1,0.2,0.1,2021-22,0.014326647564469915
22021,2738,Andre Iguodala,1610612744,GSW,Golden State Warriors,Handoff,Defensive,0.037,31,0.065,1.308,0.583,0.15,0.0,0.08,0.08,0.615,0.625,0.4,0.5,0.2,0.4,0.2,2021-22,0.30515759312320917
22021,1630322,Lindy Waters III,1610612760,OKC,Oklahoma City Thunder,Handoff,Defensive,0.088,24,0.096,1.214,0.545,0.21,0.0,0.21,0.0,0.643,0.545,0.6,0.7,0.3,0.5,0.2,2021-22,0.7736389684813754
22021,1628975,Jevon Carter,1610612751,BKN,Brooklyn Nets,Handoff,Defensive,0.153,46,0.084,1.133,0.417,0.2,0.07,0.2,0.07,0.467,0.542,0.3,0.4,0.1,0.3,0.2,2021-22,0.5816618911174785
22021,1628381,John Collins,1610612737,ATL,Atlanta Hawks,Handoff,Defensive,0.234,54,0.025,1.063,0.429,0.06,0.06,0.06,0.0,0.438,0.536,0.3,0.3,0.1,0.3,0.1,2021-22,0.06017191977077364
22021,1629672,Eric Paschall,1610612762,UTA,Utah Jazz,Handoff,Defensive,0.321,58,0.073,1.0,0.357,0.12,0.06,0.12,0.0,0.412,0.5,0.3,0.3,0.1,0.2,0.2,2021-22,0.3997134670487106
22021,1630541,Moses Moody,1610612744,GSW,Golden State Warriors,Handoff,Defensive,0.418,52,0.097,0.944,0.308,0.17,0.11,0.17,0.0,0.389,0.423,0.3,0.3,0.1,0.3,0.2,2021-22,0.7908309455587392
22021,1628978,Donte DiVincenzo,1610612758,SAC,Sacramento Kings,Handoff,Defensive,0.418,25,0.073,0.944,0.4,0.06,0.11,0.06,0.0,0.389,0.5,0.7,0.7,0.2,0.6,0.4,2021-22,0.3997134670487106
22021,203110,Draymond Green,1610612744,GSW,Golden State Warriors,Handoff,Defensive,0.526,46,0.04,0.895,0.4,0.0,0.21,0.0,0.0,0.316,0.567,0.4,0.4,0.1,0.3,0.2,2021-22,0.11891117478510028
22021,1628366,Lonzo Ball,1610612741,CHI,Chicago Bulls,Handoff,Defensive,0.972,35,0.071,0.472,0.192,0.11,0.19,0.11,0.03,0.222,0.192,1.0,0.5,0.1,0.7,0.6,2021-22,0.3653295128939828
22021,1626171,Bobby Portis,1610612749,MIL,Milwaukee Bucks,Handoff,Defensive,0.239,72,0.021,1.059,0.467,0.06,0.06,0.06,0.0,0.471,0.533,0.2,0.3,0.1,0.2,0.1,2021-22,0.050143266475644696
22021,1630285,Zavier Simpson,1610612760,OKC,Oklahoma City Thunder,Handoff,Defensive,0.0,4,0.196,1.727,0.636,0.0,0.0,0.0,0.0,0.636,0.864,2.8,4.8,1.8,2.8,1.0,2021-22,1.0
22021,203552,Seth Curry,1610612751,BKN,Brooklyn Nets,Handoff,Defensive,0.105,19,0.091,1.188,0.5,0.12,0.06,0.12,0.06,0.5,0.571,0.8,1.0,0.4,0.7,0.4,2021-22,0.6919770773638968
22021,1630249,Vit Krejci,1610612760,OKC,Oklahoma City Thunder,Handoff,Defensive,0.514,30,0.085,0.905,0.444,0.1,0.1,0.1,0.05,0.429,0.444,0.7,0.6,0.3,0.6,0.3,2021-22,0.5945558739255015
22021,2546,Carmelo Anthony,1610612747,LAL,Los Angeles Lakers,Handoff,Defensive,0.587,69,0.035,0.864,0.375,0.18,0.09,0.18,0.0,0.409,0.469,0.3,0.3,0.1,0.2,0.1,2021-22,0.10315186246418338
22021,203901,Elfrid Payton,1610612756,PHX,Phoenix Suns,Handoff,Defensive,0.696,50,0.118,0.792,0.389,0.12,0.17,0.12,0.04,0.375,0.444,0.5,0.4,0.1,0.4,0.2,2021-22,0.9570200573065902
22021,1627752,Taurean Prince,1610612750,MIN,Minnesota Timberwolves,Handoff,Defensive,0.824,69,0.064,0.704,0.318,0.07,0.11,0.04,0.0,0.333,0.364,0.4,0.3,0.1,0.3,0.2,2021-22,0.2922636103151863
22021,202330,Gordon Hayward,1610612766,CHA,Charlotte Hornets,Handoff,Defensive,0.864,49,0.068,0.679,0.292,0.07,0.11,0.07,0.04,0.286,0.333,0.6,0.4,0.1,0.5,0.3,2021-22,0.32808022922636104
22021,1630200,Tre Jones,1610612759,SAS,San Antonio Spurs,Handoff,Defensive,0.872,69,0.066,0.655,0.308,0.0,0.1,0.0,0.0,0.276,0.365,0.4,0.3,0.1,0.4,0.3,2021-22,0.3151862464183381
22021,1629637,Jaxson Hayes,1610612740,NOP,New Orleans Pelicans,Handoff,Defensive,0.06,70,0.025,1.25,0.467,0.12,0.0,0.12,0.06,0.5,0.567,0.2,0.3,0.1,0.2,0.1,2021-22,0.06017191977077364
22021,1629103,Kelan Martin,1610612754,IND,Indiana Pacers,Handoff,Defensive,0.06,27,0.096,1.25,0.533,0.12,0.0,0.12,0.06,0.563,0.6,0.6,0.7,0.3,0.6,0.3,2021-22,0.7736389684813754
22021,1628449,Chris Boucher,1610612761,TOR,Toronto Raptors,Handoff,Defensive,0.163,80,0.034,1.111,0.438,0.06,0.06,0.0,0.0,0.444,0.531,0.2,0.3,0.1,0.2,0.1,2021-22,0.09312320916905444
22021,200752,Rudy Gay,1610612762,UTA,Utah Jazz,Handoff,Defensive,0.687,55,0.066,0.8,0.391,0.0,0.08,0.0,0.0,0.36,0.435,0.5,0.4,0.2,0.4,0.3,2021-22,0.3151862464183381
22021,1627741,Buddy Hield,1610612754,IND,Indiana Pacers,Handoff,Defensive,0.744,26,0.075,0.769,0.353,0.15,0.23,0.15,0.04,0.346,0.353,1.0,0.8,0.2,0.7,0.4,2021-22,0.4355300859598854
22021,1628966,Keita Bates-Diop,1610612759,SAS,San Antonio Spurs,Handoff,Defensive,0.744,59,0.076,0.769,0.261,0.12,0.0,0.12,0.0,0.346,0.326,0.4,0.3,0.1,0.4,0.3,2021-22,0.45702005730659023
22021,1627936,Alex Caruso,1610612741,CHI,Chicago Bulls,Handoff,Defensive,0.844,41,0.062,0.69,0.318,0.1,0.14,0.1,0.0,0.345,0.341,0.7,0.5,0.2,0.5,0.4,2021-22,0.2664756446991404
22021,201939,Stephen Curry,1610612744,GSW,Golden State Warriors,Handoff,Defensive,0.966,64,0.065,0.513,0.265,0.05,0.13,0.05,0.05,0.231,0.279,0.6,0.3,0.1,0.5,0.4,2021-22,0.30515759312320917
22021,1629660,Ty Jerome,1610612760,OKC,Oklahoma City Thunder,Handoff,Defensive,0.244,49,0.082,1.05,0.471,0.15,0.05,0.15,0.05,0.45,0.559,0.4,0.4,0.2,0.3,0.2,2021-22,0.5487106017191977
22021,1628401,Derrick White,1610612738,BOS,Boston Celtics,Handoff,Defensive,0.321,26,0.083,1.0,0.368,0.1,0.0,0.1,0.0,0.429,0.447,0.8,0.8,0.3,0.7,0.5,2021-22,0.5659025787965616
22021,1629731,Dean Wade,1610612739,CLE,Cleveland Cavaliers,Handoff,Defensive,0.497,51,0.069,0.913,0.45,0.09,0.09,0.09,0.04,0.435,0.5,0.5,0.4,0.2,0.4,0.2,2021-22,0.33954154727793695
22021,201568,Danilo Gallinari,1610612737,ATL,Atlanta Hawks,Handoff,Defensive,0.619,66,0.051,0.84,0.318,0.08,0.04,0.08,0.0,0.36,0.386,0.4,0.3,0.1,0.3,0.2,2021-22,0.17335243553008595
22021,1629670,Jordan Nwora,1610612749,MIL,Milwaukee Bucks,Handoff,Defensive,0.801,62,0.078,0.724,0.308,0.03,0.07,0.03,0.0,0.31,0.385,0.5,0.3,0.1,0.4,0.3,2021-22,0.4871060171919771
22021,1628997,Caleb Martin,1610612748,MIA,Miami Heat,Handoff,Defensive,0.834,60,0.053,0.7,0.269,0.1,0.03,0.03,0.0,0.333,0.308,0.5,0.4,0.1,0.4,0.3,2021-22,0.19627507163323782
22021,1629638,Nickeil Alexander-Walker,1610612740,NOP,New Orleans Pelicans,Handoff,Defensive,0.92,50,0.085,0.583,0.273,0.03,0.06,0.03,0.0,0.25,0.318,0.7,0.4,0.2,0.7,0.5,2021-22,0.5945558739255015
22021,201143,Al Horford,1610612738,BOS,Boston Celtics,Handoff,Defensive,0.08,70,0.018,1.222,0.533,0.11,0.11,0.11,0.06,0.5,0.633,0.3,0.3,0.1,0.2,0.1,2021-22,0.034383954154727794
22021,203585,Rodney McGruder,1610612765,DET,Detroit Pistons,Handoff,Defensive,0.176,51,0.09,1.1,0.375,0.3,0.0,0.25,0.1,0.5,0.438,0.4,0.4,0.1,0.3,0.2,2021-22,0.6805157593123209
22021,203081,Damian Lillard,1610612757,POR,Portland Trail Blazers,Handoff,Defensive,0.487,29,0.069,0.917,0.474,0.0,0.21,0.0,0.0,0.375,0.579,0.8,0.8,0.3,0.7,0.3,2021-22,0.33954154727793695
22021,201961,Wayne Ellington,1610612747,LAL,Los Angeles Lakers,Handoff,Defensive,0.557,43,0.097,0.88,0.381,0.08,0.12,0.08,0.04,0.36,0.452,0.6,0.5,0.2,0.5,0.3,2021-22,0.7908309455587392
22021,1630530,Trey Murphy III,1610612740,NOP,New Orleans Pelicans,Handoff,Defensive,0.664,62,0.113,0.815,0.292,0.07,0.04,0.04,0.0,0.333,0.354,0.4,0.4,0.1,0.4,0.3,2021-22,0.9340974212034384
22021,203468,CJ McCollum,1610612740,NOP,New Orleans Pelicans,Handoff,Defensive,0.813,26,0.116,0.71,0.31,0.0,0.06,0.0,0.0,0.29,0.379,1.2,0.8,0.3,1.1,0.8,2021-22,0.9484240687679083
22021,1630538,Bones Hyland,1610612743,DEN,Denver Nuggets,Handoff,Defensive,0.926,69,0.085,0.579,0.321,0.03,0.24,0.03,0.0,0.263,0.375,0.6,0.3,0.1,0.4,0.3,2021-22,0.5945558739255015
22021,202691,Klay Thompson,1610612744,GSW,Golden State Warriors,Handoff,Defensive,0.182,32,0.072,1.095,0.5,0.05,0.1,0.05,0.0,0.476,0.583,0.7,0.7,0.3,0.6,0.3,2021-22,0.3825214899713467
22021,1626196,Josh Richardson,1610612738,BOS,Boston Celtics,Handoff,Defensive,0.182,44,0.057,1.095,0.533,0.14,0.19,0.14,0.05,0.429,0.667,0.5,0.5,0.2,0.3,0.2,2021-22,0.23209169054441262
22021,1626196,Josh Richardson,1610612759,SAS,San Antonio Spurs,Handoff,Defensive,0.253,21,0.133,1.045,0.5,0.05,0.14,0.05,0.0,0.455,0.583,1.0,1.1,0.4,0.9,0.4,2021-22,0.9828080229226361
22021,202689,Kemba Walker,1610612752,NYK,New York Knicks,Handoff,Defensive,0.321,37,0.063,1.0,0.409,0.04,0.04,0.04,0.04,0.391,0.5,0.6,0.6,0.2,0.6,0.4,2021-22,0.27650429799426934
22021,1630596,Evan Mobley,1610612739,CLE,Cleveland Cavaliers,Handoff,Defensive,0.395,69,0.027,0.958,0.35,0.17,0.04,0.17,0.04,0.417,0.425,0.3,0.3,0.1,0.3,0.2,2021-22,0.07306590257879657
22021,203463,Ben McLemore,1610612757,POR,Portland Trail Blazers,Handoff,Defensive,0.773,64,0.088,0.742,0.273,0.16,0.13,0.1,0.0,0.355,0.364,0.5,0.4,0.1,0.3,0.3,2021-22,0.6418338108882522
22021,1629649,Ignas Brazdeikis,1610612753,ORL,Orlando Magic,Handoff,Defensive,0.003,42,0.089,1.714,0.667,0.14,0.0,0.14,0.0,0.714,0.875,0.3,0.6,0.2,0.3,0.1,2021-22,0.66189111747851
22021,1628470,Torrey Craig,1610612756,PHX,Phoenix Suns,Handoff,Defensive,0.011,27,0.072,1.5,0.692,0.19,0.06,0.12,0.06,0.688,0.808,0.6,0.9,0.3,0.5,0.1,2021-22,0.3825214899713467
22021,203496,Robert Covington,1610612757,POR,Portland Trail Blazers,Handoff,Defensive,0.057,48,0.038,1.263,0.5,0.11,0.05,0.11,0.0,0.474,0.688,0.4,0.5,0.2,0.3,0.2,2021-22,0.10888252148997135
22021,1629723,John Konchar,1610612763,MEM,Memphis Grizzlies,Handoff,Defensive,0.722,72,0.071,0.774,0.44,0.0,0.19,0.0,0.0,0.355,0.48,0.4,0.3,0.2,0.3,0.2,2021-22,0.3653295128939828
22021,1628402,Frank Jackson,1610612765,DET,Detroit Pistons,Handoff,Defensive,0.766,53,0.098,0.75,0.333,0.09,0.09,0.09,0.03,0.344,0.333,0.6,0.5,0.2,0.5,0.3,2021-22,0.8065902578796562
22021,1630177,Theo Maledon,1610612760,OKC,Oklahoma City Thunder,Handoff,Defensive,0.82,51,0.109,0.706,0.37,0.0,0.21,0.0,0.0,0.294,0.444,0.7,0.5,0.2,0.5,0.3,2021-22,0.9054441260744985
22021,1626162,Kelly Oubre Jr.,1610612766,CHA,Charlotte Hornets,Handoff,Defensive,0.891,76,0.061,0.632,0.276,0.03,0.21,0.03,0.0,0.237,0.379,0.5,0.3,0.1,0.4,0.3,2021-22,0.25644699140401145
22021,1628976,Wendell Carter Jr.,1610612753,ORL,Orlando Magic,Handoff,Defensive,0.014,62,0.02,1.471,0.588,0.12,0.0,0.12,0.12,0.588,0.676,0.3,0.4,0.2,0.3,0.1,2021-22,0.044412607449856735
22021,1630183,Jaden McDaniels,1610612750,MIN,Minnesota Timberwolves,Handoff,Defensive,0.938,70,0.065,0.568,0.257,0.07,0.16,0.07,0.02,0.25,0.314,0.6,0.4,0.1,0.5,0.4,2021-22,0.30515759312320917
22021,1629639,Tyler Herro,1610612748,MIA,Miami Heat,Handoff,Defensive,0.969,66,0.072,0.49,0.19,0.1,0.12,0.1,0.04,0.216,0.202,0.8,0.4,0.1,0.6,0.5,2021-22,0.3825214899713467
22021,1627884,Derrick Jones Jr.,1610612741,CHI,Chicago Bulls,Handoff,Defensive,0.074,51,0.055,1.238,0.533,0.19,0.1,0.19,0.0,0.571,0.6,0.4,0.5,0.2,0.3,0.1,2021-22,0.2134670487106017
22021,202362,Lance Stephenson,1610612754,IND,Indiana Pacers,Handoff,Defensive,0.156,40,0.113,1.13,0.421,0.13,0.04,0.09,0.0,0.478,0.553,0.6,0.7,0.2,0.5,0.3,2021-22,0.9340974212034384
22021,201567,Kevin Love,1610612739,CLE,Cleveland Cavaliers,Handoff,Defensive,0.321,74,0.037,1.0,0.391,0.08,0.04,0.08,0.0,0.423,0.478,0.4,0.4,0.1,0.3,0.2,2021-22,0.10601719197707736
22021,1629726,Garrison Mathews,1610612745,HOU,Houston Rockets,Handoff,Defensive,0.389,65,0.051,0.963,0.348,0.11,0.04,0.07,0.0,0.407,0.457,0.4,0.4,0.1,0.4,0.2,2021-22,0.17335243553008595
22021,1628991,Jaren Jackson Jr.,1610612763,MEM,Memphis Grizzlies,Handoff,Defensive,0.466,78,0.034,0.929,0.4,0.04,0.07,0.04,0.0,0.393,0.48,0.4,0.3,0.1,0.3,0.2,2021-22,0.09312320916905444
22021,1630202,Payton Pritchard,1610612738,BOS,Boston Celtics,Handoff,Defensive,0.466,71,0.09,0.929,0.4,0.07,0.07,0.07,0.04,0.393,0.48,0.4,0.4,0.1,0.4,0.2,2021-22,0.6805157593123209
22021,1628998,Cody Martin,1610612766,CHA,Charlotte Hornets,Handoff,Defensive,0.466,71,0.04,0.929,0.417,0.07,0.07,0.07,0.0,0.393,0.5,0.4,0.4,0.1,0.3,0.2,2021-22,0.11891117478510028
22021,201569,Eric Gordon,1610612745,HOU,Houston Rockets,Handoff,Defensive,0.57,57,0.073,0.871,0.385,0.03,0.13,0.03,0.0,0.355,0.5,0.5,0.5,0.2,0.5,0.3,2021-22,0.3997134670487106
22021,1629003,Shake Milton,1610612755,PHI,Philadelphia 76ers,Handoff,Defensive,0.732,55,0.086,0.771,0.36,0.11,0.17,0.11,0.0,0.371,0.4,0.6,0.5,0.2,0.5,0.3,2021-22,0.6074498567335244
22021,203924,Jerami Grant,1610612765,DET,Detroit Pistons,Handoff,Defensive,0.766,47,0.082,0.75,0.393,0.06,0.17,0.03,0.0,0.361,0.429,0.8,0.6,0.2,0.6,0.4,2021-22,0.5487106017191977
22021,201949,James Johnson,1610612751,BKN,Brooklyn Nets,Handoff,Defensive,0.009,62,0.04,1.647,0.692,0.18,0.06,0.12,0.0,0.706,0.885,0.3,0.5,0.1,0.2,0.1,2021-22,0.11891117478510028
22021,1627814,Damion Lee,1610612744,GSW,Golden State Warriors,Handoff,Defensive,0.834,63,0.094,0.7,0.273,0.08,0.12,0.08,0.02,0.275,0.379,0.6,0.4,0.1,0.5,0.4,2021-22,0.7378223495702005
22021,1629052,Oshae Brissett,1610612754,IND,Indiana Pacers,Handoff,Defensive,0.852,67,0.078,0.683,0.297,0.05,0.05,0.02,0.0,0.317,0.351,0.6,0.4,0.2,0.6,0.4,2021-22,0.4871060171919771
22021,1629002,Chimezie Metu,1610612758,SAC,Sacramento Kings,Handoff,Defensive,0.219,61,0.056,1.074,0.48,0.0,0.07,0.0,0.0,0.444,0.58,0.4,0.5,0.2,0.4,0.2,2021-22,0.22206303724928367
22021,1629643,Chuma Okeke,1610612753,ORL,Orlando Magic,Handoff,Defensive,0.382,70,0.052,0.967,0.462,0.03,0.1,0.03,0.0,0.433,0.538,0.4,0.4,0.2,0.4,0.2,2021-22,0.18481375358166188
22021,1630560,Cam Thomas,1610612751,BKN,Brooklyn Nets,Handoff,Defensive,0.511,67,0.091,0.906,0.321,0.09,0.03,0.09,0.0,0.375,0.411,0.5,0.4,0.1,0.4,0.3,2021-22,0.6919770773638968
22021,203937,Kyle Anderson,1610612763,MEM,Memphis Grizzlies,Handoff,Defensive,0.753,69,0.076,0.763,0.367,0.08,0.16,0.08,0.03,0.342,0.4,0.6,0.4,0.2,0.4,0.3,2021-22,0.45702005730659023
22021,203468,CJ McCollum,1610612757,POR,Portland Trail Blazers,Handoff,Defensive,0.795,36,0.087,0.725,0.375,0.05,0.15,0.05,0.0,0.325,0.422,1.1,0.8,0.3,0.9,0.6,2021-22,0.6246418338108882
22021,1630228,Jonathan Kuminga,1610612744,GSW,Golden State Warriors,Handoff,Defensive,0.131,71,0.056,1.154,0.458,0.08,0.04,0.08,0.04,0.462,0.563,0.4,0.4,0.2,0.3,0.2,2021-22,0.22206303724928367
22021,1629642,Nassir Little,1610612757,POR,Portland Trail Blazers,Handoff,Defensive,0.222,42,0.073,1.071,0.36,0.11,0.0,0.11,0.0,0.429,0.48,0.7,0.7,0.2,0.6,0.4,2021-22,0.3997134670487106
22021,203082,Terrence Ross,1610612753,ORL,Orlando Magic,Handoff,Defensive,0.321,63,0.082,1.0,0.393,0.03,0.07,0.03,0.03,0.367,0.518,0.5,0.5,0.2,0.4,0.3,2021-22,0.5487106017191977
22021,201937,Ricky Rubio,1610612739,CLE,Cleveland Cavaliers,Handoff,Defensive,0.378,34,0.102,0.968,0.423,0.1,0.13,0.1,0.06,0.387,0.481,0.9,0.9,0.3,0.8,0.4,2021-22,0.8510028653295129
22021,201588,George Hill,1610612749,MIL,Milwaukee Bucks,Handoff,Defensive,0.439,54,0.068,0.938,0.464,0.03,0.09,0.03,0.0,0.438,0.5,0.6,0.6,0.2,0.5,0.3,2021-22,0.32808022922636104
22021,200768,Kyle Lowry,1610612748,MIA,Miami Heat,Handoff,Defensive,0.699,63,0.061,0.789,0.407,0.05,0.24,0.03,0.0,0.342,0.5,0.6,0.5,0.2,0.4,0.3,2021-22,0.25644699140401145
22021,1630567,Scottie Barnes,1610612761,TOR,Toronto Raptors,Handoff,Defensive,0.784,74,0.042,0.732,0.296,0.12,0.22,0.12,0.0,0.317,0.389,0.6,0.4,0.1,0.4,0.3,2021-22,0.12893982808022922
22021,1628379,Luke Kennard,1610612746,LAC,LA Clippers,Handoff,Defensive,0.86,70,0.092,0.682,0.3,0.02,0.07,0.02,0.0,0.295,0.363,0.6,0.4,0.2,0.6,0.4,2021-22,0.7091690544412608
22021,1630556,Kessler Edwards,1610612751,BKN,Brooklyn Nets,Handoff,Defensive,0.321,48,0.079,1.0,0.429,0.16,0.06,0.16,0.13,0.419,0.464,0.6,0.6,0.3,0.6,0.3,2021-22,0.505730659025788
22021,202331,Paul George,1610612746,LAC,LA Clippers,Handoff,Defensive,0.375,31,0.095,0.969,0.379,0.16,0.03,0.16,0.09,0.375,0.466,1.0,1.0,0.4,0.9,0.6,2021-22,0.7535816618911175
22021,1627761,DeAndre' Bembry,1610612751,BKN,Brooklyn Nets,Handoff,Defensive,0.435,48,0.089,0.939,0.448,0.06,0.09,0.06,0.03,0.424,0.5,0.7,0.6,0.3,0.6,0.3,2021-22,0.66189111747851
22021,203090,Maurice Harkless,1610612758,SAC,Sacramento Kings,Handoff,Defensive,0.545,47,0.105,0.886,0.382,0.03,0.03,0.03,0.03,0.371,0.456,0.7,0.7,0.3,0.7,0.4,2021-22,0.8810888252148997
22021,1628384,OG Anunoby,1610612761,TOR,Toronto Raptors,Handoff,Defensive,0.14,48,0.053,1.143,0.65,0.07,0.25,0.07,0.04,0.5,0.75,0.6,0.7,0.3,0.4,0.1,2021-22,0.19627507163323782
22021,1630267,Facundo Campazzo,1610612743,DEN,Denver Nuggets,Handoff,Defensive,0.261,65,0.071,1.032,0.423,0.03,0.13,0.0,0.0,0.387,0.577,0.5,0.5,0.2,0.4,0.2,2021-22,0.3653295128939828
22021,2544,LeBron James,1610612747,LAL,Los Angeles Lakers,Handoff,Defensive,0.321,56,0.053,1.0,0.414,0.09,0.06,0.09,0.06,0.406,0.483,0.6,0.6,0.2,0.5,0.3,2021-22,0.19627507163323782
22021,202066,Garrett Temple,1610612740,NOP,New Orleans Pelicans,Handoff,Defensive,0.493,59,0.079,0.914,0.379,0.09,0.11,0.09,0.03,0.371,0.431,0.6,0.5,0.2,0.5,0.3,2021-22,0.505730659025788
22021,1626166,Cameron Payne,1610612756,PHX,Phoenix Suns,Handoff,Defensive,0.493,58,0.087,0.914,0.458,0.09,0.23,0.06,0.0,0.4,0.563,0.6,0.6,0.2,0.4,0.2,2021-22,0.6246418338108882
22021,202083,Wesley Matthews,1610612749,MIL,Milwaukee Bucks,Handoff,Defensive,0.578,49,0.092,0.865,0.4,0.08,0.11,0.08,0.0,0.378,0.5,0.8,0.7,0.2,0.6,0.4,2021-22,0.7091690544412608
22021,1626153,Delon Wright,1610612737,ATL,Atlanta Hawks,Handoff,Defensive,0.838,77,0.088,0.696,0.35,0.07,0.11,0.07,0.04,0.326,0.363,0.6,0.4,0.2,0.5,0.3,2021-22,0.6418338108882522
22021,1627788,Furkan Korkmaz,1610612755,PHI,Philadelphia 76ers,Handoff,Defensive,0.895,67,0.119,0.627,0.275,0.04,0.18,0.04,0.0,0.255,0.35,0.8,0.5,0.2,0.6,0.4,2021-22,0.9598853868194842
22021,1630231,Kenyon Martin Jr.,1610612745,HOU,Houston Rockets,Handoff,Defensive,0.034,79,0.058,1.32,0.556,0.12,0.16,0.08,0.0,0.52,0.694,0.3,0.4,0.1,0.2,0.1,2021-22,0.23782234957020057
22021,1628988,Aaron Holiday,1610612764,WAS,Washington Wizards,Handoff,Defensive,0.08,41,0.103,1.222,0.542,0.0,0.11,0.0,0.0,0.481,0.688,0.7,0.8,0.3,0.6,0.3,2021-22,0.8567335243553008
22021,1627789,Timothe Luwawu-Cabarrot,1610612737,ATL,Atlanta Hawks,Handoff,Defensive,0.114,52,0.109,1.179,0.458,0.21,0.04,0.14,0.11,0.464,0.563,0.5,0.6,0.2,0.5,0.3,2021-22,0.9054441260744985
22021,1629656,Quentin Grimes,1610612752,NYK,New York Knicks,Handoff,Defensive,0.148,46,0.097,1.138,0.455,0.14,0.1,0.14,0.0,0.483,0.636,0.6,0.7,0.2,0.5,0.3,2021-22,0.7908309455587392
22021,1626174,Christian Wood,1610612745,HOU,Houston Rockets,Handoff,Defensive,0.031,68,0.027,1.36,0.5,0.12,0.04,0.12,0.04,0.52,0.682,0.4,0.5,0.2,0.3,0.2,2021-22,0.07306590257879657
22021,1629022,Lonnie Walker IV,1610612759,SAS,San Antonio Spurs,Handoff,Defensive,0.234,70,0.074,1.063,0.5,0.03,0.03,0.03,0.0,0.5,0.55,0.5,0.5,0.2,0.4,0.2,2021-22,0.4169054441260745
22021,1630528,Josh Christopher,1610612745,HOU,Houston Rockets,Handoff,Defensive,0.418,74,0.076,0.944,0.407,0.11,0.11,0.11,0.0,0.417,0.5,0.5,0.5,0.1,0.4,0.2,2021-22,0.45702005730659023
22021,201587,Nicolas Batum,1610612746,LAC,LA Clippers,Handoff,Defensive,0.565,59,0.091,0.872,0.406,0.05,0.15,0.05,0.03,0.359,0.484,0.7,0.6,0.2,0.5,0.3,2021-22,0.6919770773638968
22021,1630165,Killian Hayes,1610612765,DET,Detroit Pistons,Handoff,Defensive,0.724,66,0.063,0.773,0.278,0.07,0.11,0.05,0.0,0.295,0.375,0.7,0.5,0.2,0.5,0.4,2021-22,0.27650429799426934
22021,1627777,Georges Niang,1610612755,PHI,Philadelphia 76ers,Handoff,Defensive,0.048,76,0.045,1.296,0.636,0.04,0.15,0.04,0.0,0.556,0.75,0.4,0.5,0.2,0.3,0.1,2021-22,0.13753581661891118
22021,1630544,Tre Mann,1610612760,OKC,Oklahoma City Thunder,Handoff,Defensive,0.27,61,0.088,1.029,0.433,0.06,0.06,0.06,0.0,0.441,0.5,0.6,0.6,0.2,0.5,0.3,2021-22,0.6418338108882522
22021,1629026,Kenrich Williams,1610612760,OKC,Oklahoma City Thunder,Handoff,Defensive,0.321,49,0.089,1.0,0.37,0.17,0.06,0.14,0.0,0.457,0.463,0.7,0.7,0.2,0.6,0.3,2021-22,0.66189111747851
22021,1627780,Gary Payton II,1610612744,GSW,Golden State Warriors,Handoff,Defensive,0.372,71,0.078,0.972,0.464,0.14,0.17,0.14,0.08,0.417,0.518,0.5,0.5,0.2,0.4,0.2,2021-22,0.4871060171919771
22021,1629604,CJ Elleby,1610612757,POR,Portland Trail Blazers,Handoff,Defensive,0.412,58,0.104,0.946,0.379,0.11,0.11,0.11,0.0,0.405,0.466,0.6,0.6,0.2,0.5,0.3,2021-22,0.8667621776504298
22021,1628404,Josh Hart,1610612740,NOP,New Orleans Pelicans,Handoff,Defensive,0.48,41,0.07,0.921,0.412,0.05,0.05,0.05,0.0,0.421,0.471,0.9,0.9,0.3,0.8,0.5,2021-22,0.3510028653295129
22021,1629599,Amir Coffey,1610612746,LAC,LA Clippers,Handoff,Defensive,0.523,69,0.079,0.897,0.405,0.0,0.05,0.0,0.0,0.385,0.473,0.6,0.5,0.2,0.5,0.3,2021-22,0.505730659025788
22021,1630181,R.J. Hampton,1610612753,ORL,Orlando Magic,Handoff,Defensive,0.602,64,0.079,0.854,0.429,0.05,0.12,0.05,0.02,0.39,0.471,0.6,0.5,0.2,0.5,0.3,2021-22,0.505730659025788
22021,1627742,Brandon Ingram,1610612740,NOP,New Orleans Pelicans,Handoff,Defensive,0.756,55,0.101,0.761,0.317,0.02,0.11,0.02,0.02,0.283,0.415,0.8,0.6,0.2,0.7,0.5,2021-22,0.8424068767908309
22021,1630205,Lamar Stevens,1610612739,CLE,Cleveland Cavaliers,Handoff,Defensive,0.273,63,0.087,1.029,0.379,0.11,0.06,0.11,0.0,0.429,0.483,0.6,0.6,0.2,0.5,0.3,2021-22,0.6246418338108882
22021,203552,Seth Curry,1610612755,PHI,Philadelphia 76ers,Handoff,Defensive,0.405,45,0.083,0.947,0.438,0.05,0.16,0.05,0.05,0.368,0.547,0.8,0.8,0.3,0.7,0.4,2021-22,0.5659025787965616
22021,1630163,LaMelo Ball,1610612766,CHA,Charlotte Hornets,Handoff,Defensive,0.405,75,0.054,0.947,0.419,0.08,0.13,0.08,0.03,0.395,0.5,0.5,0.5,0.2,0.4,0.2,2021-22,0.20630372492836677
22021,203944,Julius Randle,1610612752,NYK,New York Knicks,Handoff,Defensive,0.476,72,0.048,0.923,0.343,0.08,0.03,0.08,0.0,0.385,0.443,0.5,0.5,0.2,0.5,0.3,2021-22,0.1504297994269341
22021,203471,Dennis Schroder,1610612738,BOS,Boston Celtics,Handoff,Defensive,0.476,49,0.081,0.923,0.387,0.1,0.13,0.1,0.03,0.385,0.484,0.8,0.7,0.2,0.6,0.4,2021-22,0.5315186246418339
22021,1627832,Fred VanVleet,1610612761,TOR,Toronto Raptors,Handoff,Defensive,0.657,65,0.053,0.818,0.406,0.05,0.23,0.05,0.0,0.341,0.484,0.7,0.6,0.2,0.5,0.3,2021-22,0.19627507163323782
22021,203926,Doug McDermott,1610612759,SAS,San Antonio Spurs,Handoff,Defensive,0.054,51,0.087,1.276,0.586,0.0,0.0,0.0,0.0,0.586,0.638,0.6,0.7,0.3,0.6,0.2,2021-22,0.6246418338108882
22021,1629629,Cam Reddish,1610612737,ATL,Atlanta Hawks,Handoff,Defensive,0.197,34,0.1,1.088,0.516,0.03,0.09,0.03,0.03,0.471,0.597,1.0,1.1,0.5,0.9,0.4,2021-22,0.829512893982808
22021,201145,Jeff Green,1610612743,DEN,Denver Nuggets,Handoff,Defensive,0.197,75,0.052,1.088,0.448,0.12,0.06,0.12,0.03,0.471,0.552,0.5,0.5,0.2,0.4,0.2,2021-22,0.18481375358166188
22021,1628374,Lauri Markkanen,1610612739,CLE,Cleveland Cavaliers,Handoff,Defensive,0.553,61,0.059,0.881,0.394,0.07,0.14,0.07,0.0,0.381,0.47,0.7,0.6,0.2,0.5,0.3,2021-22,0.24212034383954154
22021,1629014,Anfernee Simons,1610612757,POR,Portland Trail Blazers,Handoff,Defensive,0.702,57,0.083,0.787,0.405,0.04,0.19,0.04,0.02,0.34,0.459,0.8,0.6,0.3,0.6,0.4,2021-22,0.5659025787965616
22021,1630169,Tyrese Haliburton,1610612758,SAC,Sacramento Kings,Handoff,Defensive,0.738,51,0.096,0.771,0.286,0.1,0.04,0.1,0.02,0.333,0.321,0.9,0.7,0.2,0.8,0.6,2021-22,0.7736389684813754
22021,1629029,Luka Doncic,1610612742,DAL,Dallas Mavericks,Handoff,Defensive,0.738,65,0.064,0.771,0.341,0.04,0.1,0.04,0.0,0.313,0.427,0.7,0.6,0.2,0.6,0.4,2021-22,0.2922636103151863
22021,201935,James Harden,1610612751,BKN,Brooklyn Nets,Handoff,Defensive,0.017,44,0.055,1.462,0.636,0.08,0.08,0.0,0.0,0.615,0.795,0.6,0.9,0.3,0.5,0.2,2021-22,0.2134670487106017
22021,1630613,Duane Washington Jr.,1610612754,IND,Indiana Pacers,Handoff,Defensive,0.02,48,0.072,1.407,0.577,0.07,0.0,0.07,0.04,0.593,0.673,0.6,0.8,0.3,0.5,0.2,2021-22,0.3825214899713467
22021,1630235,Trent Forrest,1610612762,UTA,Utah Jazz,Handoff,Defensive,0.321,60,0.114,1.0,0.412,0.08,0.05,0.08,0.03,0.421,0.5,0.6,0.6,0.2,0.6,0.3,2021-22,0.9441260744985673
22021,1629647,Darius Bazley,1610612760,OKC,Oklahoma City Thunder,Handoff,Defensive,0.587,69,0.052,0.864,0.375,0.09,0.02,0.09,0.02,0.409,0.425,0.6,0.6,0.2,0.6,0.4,2021-22,0.18481375358166188
22021,1629130,Duncan Robinson,1610612748,MIA,Miami Heat,Handoff,Defensive,0.644,79,0.07,0.826,0.4,0.09,0.15,0.04,0.0,0.391,0.457,0.6,0.5,0.2,0.4,0.3,2021-22,0.3510028653295129
22021,203109,Jae Crowder,1610612756,PHX,Phoenix Suns,Handoff,Defensive,0.644,67,0.071,0.826,0.333,0.11,0.11,0.11,0.0,0.348,0.431,0.7,0.6,0.2,0.5,0.4,2021-22,0.3653295128939828
22021,1627783,Pascal Siakam,1610612761,TOR,Toronto Raptors,Handoff,Defensive,0.207,69,0.04,1.083,0.5,0.11,0.11,0.08,0.0,0.5,0.607,0.5,0.6,0.2,0.4,0.2,2021-22,0.11891117478510028
22021,1629013,Landry Shamet,1610612756,PHX,Phoenix Suns,Handoff,Defensive,0.276,69,0.087,1.026,0.429,0.05,0.03,0.05,0.0,0.447,0.514,0.6,0.6,0.2,0.5,0.3,2021-22,0.6246418338108882
22021,1626145,Tyus Jones,1610612763,MEM,Memphis Grizzlies,Handoff,Defensive,0.543,73,0.1,0.886,0.364,0.16,0.09,0.14,0.0,0.409,0.439,0.6,0.5,0.2,0.5,0.3,2021-22,0.829512893982808
22021,1630256,Jae'Sean Tate,1610612745,HOU,Houston Rockets,Handoff,Defensive,0.638,78,0.063,0.83,0.381,0.06,0.06,0.04,0.02,0.383,0.429,0.6,0.5,0.2,0.5,0.3,2021-22,0.27650429799426934
22021,1630533,Ziaire Williams,1610612763,MEM,Memphis Grizzlies,Handoff,Defensive,0.638,62,0.093,0.83,0.366,0.13,0.04,0.13,0.04,0.383,0.402,0.8,0.6,0.2,0.7,0.4,2021-22,0.7263610315186246
22021,201976,Patrick Beverley,1610612750,MIN,Minnesota Timberwolves,Handoff,Defensive,0.766,59,0.104,0.75,0.308,0.1,0.13,0.1,0.0,0.327,0.359,0.9,0.7,0.2,0.7,0.5,2021-22,0.8667621776504298
22021,1626181,Norman Powell,1610612757,POR,Portland Trail Blazers,Handoff,Defensive,0.06,40,0.075,1.25,0.483,0.16,0.0,0.12,0.06,0.531,0.569,0.8,1.0,0.4,0.7,0.4,2021-22,0.4355300859598854
22021,1626169,Stanley Johnson,1610612747,LAL,Los Angeles Lakers,Handoff,Defensive,0.06,48,0.077,1.25,0.68,0.09,0.19,0.09,0.06,0.563,0.74,0.7,0.8,0.4,0.5,0.2,2021-22,0.47421203438395415
22021,1629661,Cameron Johnson,1610612756,PHX,Phoenix Suns,Handoff,Defensive,0.163,66,0.063,1.111,0.5,0.11,0.11,0.11,0.0,0.472,0.625,0.5,0.6,0.2,0.4,0.2,2021-22,0.27650429799426934
22021,202681,Kyrie Irving,1610612751,BKN,Brooklyn Nets,Handoff,Defensive,0.163,29,0.097,1.111,0.481,0.11,0.14,0.08,0.0,0.472,0.611,1.2,1.4,0.4,0.9,0.5,2021-22,0.7908309455587392
22021,1627763,Malcolm Brogdon,1610612754,IND,Indiana Pacers,Handoff,Defensive,0.278,36,0.092,1.026,0.459,0.03,0.03,0.03,0.0,0.462,0.514,1.1,1.1,0.5,1.0,0.6,2021-22,0.7091690544412608
22021,202699,Tobias Harris,1610612755,PHI,Philadelphia 76ers,Handoff,Defensive,0.537,73,0.061,0.889,0.421,0.07,0.09,0.04,0.0,0.422,0.461,0.6,0.5,0.2,0.5,0.3,2021-22,0.25644699140401145
22021,202339,Eric Bledsoe,1610612746,LAC,LA Clippers,Handoff,Defensive,0.614,54,0.096,0.851,0.395,0.0,0.09,0.0,0.0,0.362,0.465,0.9,0.7,0.3,0.8,0.5,2021-22,0.7736389684813754
22021,201142,Kevin Durant,1610612751,BKN,Brooklyn Nets,Handoff,Defensive,0.687,55,0.076,0.8,0.289,0.12,0.14,0.1,0.02,0.32,0.395,0.9,0.7,0.2,0.7,0.5,2021-22,0.45702005730659023
22021,202694,Marcus Morris Sr.,1610612746,LAC,LA Clippers,Handoff,Defensive,0.145,54,0.081,1.139,0.438,0.08,0.06,0.08,0.03,0.444,0.578,0.7,0.8,0.3,0.6,0.3,2021-22,0.5315186246418339
22021,1629645,Kevin Porter Jr.,1610612745,HOU,Houston Rockets,Handoff,Defensive,0.369,61,0.061,0.976,0.444,0.12,0.1,0.12,0.07,0.429,0.5,0.7,0.7,0.3,0.6,0.3,2021-22,0.25644699140401145
22021,1628983,Shai Gilgeous-Alexander,1610612760,OKC,Oklahoma City Thunder,Handoff,Defensive,0.599,56,0.076,0.854,0.39,0.02,0.12,0.02,0.0,0.354,0.488,0.9,0.7,0.3,0.7,0.4,2021-22,0.45702005730659023
22021,1630193,Immanuel Quickley,1610612752,NYK,New York Knicks,Handoff,Defensive,0.651,78,0.079,0.82,0.405,0.1,0.18,0.06,0.02,0.38,0.459,0.6,0.5,0.2,0.5,0.3,2021-22,0.505730659025788
22021,1627747,Caris LeVert,1610612754,IND,Indiana Pacers,Handoff,Defensive,0.023,39,0.081,1.4,0.56,0.2,0.03,0.17,0.07,0.6,0.64,0.8,1.1,0.4,0.6,0.3,2021-22,0.5315186246418339
22021,1630563,Joshua Primo,1610612759,SAS,San Antonio Spurs,Handoff,Defensive,0.282,50,0.104,1.024,0.486,0.05,0.07,0.07,0.0,0.463,0.529,0.8,0.8,0.3,0.7,0.4,2021-22,0.8667621776504298
22021,1628977,Hamidou Diallo,1610612765,DET,Detroit Pistons,Handoff,Defensive,0.282,58,0.091,1.024,0.382,0.1,0.1,0.07,0.02,0.39,0.515,0.7,0.7,0.2,0.6,0.4,2021-22,0.6919770773638968
22021,1629630,Ja Morant,1610612763,MEM,Memphis Grizzlies,Handoff,Defensive,0.454,57,0.075,0.933,0.366,0.07,0.02,0.07,0.0,0.4,0.451,0.8,0.7,0.3,0.7,0.5,2021-22,0.4355300859598854
22021,203115,Will Barton,1610612743,DEN,Denver Nuggets,Handoff,Defensive,0.801,71,0.095,0.724,0.311,0.07,0.17,0.07,0.02,0.293,0.4,0.8,0.6,0.2,0.6,0.4,2021-22,0.7535816618911175
22021,1628370,Malik Monk,1610612747,LAL,Los Angeles Lakers,Handoff,Defensive,0.943,76,0.106,0.56,0.254,0.05,0.16,0.04,0.0,0.253,0.288,1.0,0.6,0.2,0.8,0.6,2021-22,0.8911174785100286
22021,204060,Joe Ingles,1610612762,UTA,Utah Jazz,Handoff,Defensive,0.247,45,0.123,1.049,0.447,0.05,0.05,0.05,0.02,0.439,0.526,0.9,1.0,0.4,0.8,0.5,2021-22,0.9684813753581661
22021,1630180,Saddiq Bey,1610612765,DET,Detroit Pistons,Handoff,Defensive,0.287,82,0.064,1.024,0.438,0.14,0.14,0.14,0.05,0.429,0.531,0.5,0.5,0.2,0.4,0.2,2021-22,0.2922636103151863
22021,1630537,Chris Duarte,1610612754,IND,Indiana Pacers,Handoff,Defensive,0.321,55,0.081,1.0,0.444,0.09,0.12,0.09,0.05,0.419,0.5,0.8,0.8,0.3,0.7,0.4,2021-22,0.5315186246418339
22021,200782,P.J. Tucker,1610612748,MIA,Miami Heat,Handoff,Defensive,0.398,71,0.056,0.956,0.432,0.07,0.11,0.07,0.0,0.422,0.541,0.6,0.6,0.2,0.5,0.3,2021-22,0.22206303724928367
22021,1629020,Jarred Vanderbilt,1610612750,MIN,Minnesota Timberwolves,Handoff,Defensive,0.447,74,0.075,0.935,0.371,0.17,0.11,0.17,0.04,0.413,0.429,0.6,0.6,0.2,0.5,0.3,2021-22,0.4355300859598854
22021,1628415,Dillon Brooks,1610612763,MEM,Memphis Grizzlies,Handoff,Defensive,0.447,33,0.11,0.935,0.457,0.07,0.22,0.07,0.04,0.37,0.571,1.4,1.3,0.5,1.1,0.6,2021-22,0.9154727793696275
22021,203084,Harrison Barnes,1610612758,SAC,Sacramento Kings,Handoff,Defensive,0.855,77,0.082,0.683,0.354,0.03,0.21,0.03,0.0,0.302,0.417,0.8,0.6,0.2,0.6,0.4,2021-22,0.5487106017191977
22021,1630598,Aaron Wiggins,1610612760,OKC,Oklahoma City Thunder,Handoff,Defensive,0.102,50,0.077,1.189,0.533,0.08,0.11,0.08,0.0,0.514,0.65,0.7,0.9,0.3,0.6,0.3,2021-22,0.47421203438395415
22021,1630591,Jalen Suggs,1610612753,ORL,Orlando Magic,Handoff,Defensive,0.443,48,0.097,0.936,0.395,0.11,0.13,0.11,0.04,0.383,0.474,1.0,0.9,0.3,0.8,0.5,2021-22,0.7908309455587392
22021,1627736,Malik Beasley,1610612750,MIN,Minnesota Timberwolves,Handoff,Defensive,0.52,79,0.094,0.898,0.429,0.08,0.08,0.06,0.02,0.429,0.476,0.6,0.6,0.2,0.5,0.3,2021-22,0.7378223495702005
22021,1626156,D'Angelo Russell,1610612750,MIN,Minnesota Timberwolves,Handoff,Defensive,0.664,65,0.08,0.815,0.364,0.09,0.09,0.09,0.0,0.389,0.375,0.8,0.7,0.2,0.7,0.4,2021-22,0.5200573065902578
22021,203078,Bradley Beal,1610612764,WAS,Washington Wizards,Handoff,Defensive,0.159,41,0.095,1.125,0.472,0.02,0.08,0.02,0.0,0.45,0.597,1.0,1.1,0.4,0.9,0.5,2021-22,0.7535816618911175
22021,201980,Danny Green,1610612755,PHI,Philadelphia 76ers,Handoff,Defensive,0.25,62,0.078,1.047,0.417,0.09,0.07,0.09,0.0,0.442,0.514,0.7,0.7,0.2,0.6,0.3,2021-22,0.4871060171919771
22021,201144,Mike Conley,1610612762,UTA,Utah Jazz,Handoff,Defensive,0.67,72,0.075,0.804,0.391,0.04,0.16,0.04,0.02,0.339,0.457,0.8,0.6,0.3,0.6,0.4,2021-22,0.4355300859598854
22021,1630162,Anthony Edwards,1610612750,MIN,Minnesota Timberwolves,Handoff,Defensive,0.809,72,0.086,0.714,0.321,0.05,0.1,0.05,0.03,0.286,0.393,0.9,0.6,0.3,0.8,0.5,2021-22,0.6074498567335244
22021,1629636,Darius Garland,1610612739,CLE,Cleveland Cavaliers,Handoff,Defensive,0.608,68,0.076,0.852,0.408,0.02,0.07,0.02,0.0,0.389,0.459,0.8,0.7,0.3,0.7,0.4,2021-22,0.45702005730659023
22021,203501,Tim Hardaway Jr.,1610612742,DAL,Dallas Mavericks,Handoff,Defensive,0.043,42,0.098,1.306,0.643,0.08,0.14,0.08,0.0,0.583,0.768,0.9,1.1,0.4,0.7,0.2,2021-22,0.8065902578796562
22021,203915,Spencer Dinwiddie,1610612764,WAS,Washington Wizards,Handoff,Defensive,0.091,44,0.092,1.205,0.5,0.18,0.03,0.18,0.13,0.513,0.542,0.9,1.1,0.4,0.8,0.4,2021-22,0.7091690544412608
22021,1630224,Jalen Green,1610612745,HOU,Houston Rockets,Handoff,Defensive,0.29,67,0.079,1.022,0.4,0.09,0.07,0.09,0.02,0.413,0.488,0.7,0.7,0.2,0.6,0.4,2021-22,0.505730659025788
22021,1628973,Jalen Brunson,1610612742,DAL,Dallas Mavericks,Handoff,Defensive,0.713,79,0.085,0.783,0.377,0.0,0.12,0.0,0.0,0.333,0.443,0.8,0.6,0.3,0.7,0.4,2021-22,0.5945558739255015
22021,1628398,Kyle Kuzma,1610612764,WAS,Washington Wizards,Handoff,Defensive,0.759,66,0.089,0.758,0.314,0.11,0.1,0.11,0.03,0.339,0.353,0.9,0.7,0.2,0.8,0.5,2021-22,0.66189111747851
22021,1630171,Isaac Okoro,1610612739,CLE,Cleveland Cavaliers,Handoff,Defensive,0.884,67,0.101,0.635,0.259,0.12,0.09,0.12,0.0,0.311,0.276,1.1,0.7,0.2,0.9,0.6,2021-22,0.8424068767908309
22021,203992,Bogdan Bogdanovic,1610612737,ATL,Atlanta Hawks,Handoff,Defensive,0.293,63,0.071,1.021,0.5,0.02,0.13,0.02,0.0,0.447,0.575,0.7,0.8,0.3,0.6,0.3,2021-22,0.3653295128939828
22021,202709,Cory Joseph,1610612765,DET,Detroit Pistons,Handoff,Defensive,0.392,65,0.092,0.96,0.439,0.08,0.1,0.06,0.0,0.44,0.476,0.8,0.7,0.3,0.6,0.4,2021-22,0.7091690544412608
22021,1627827,Dorian Finney-Smith,1610612742,DAL,Dallas Mavericks,Handoff,Defensive,0.866,80,0.066,0.676,0.333,0.08,0.13,0.07,0.01,0.338,0.36,0.9,0.6,0.2,0.7,0.5,2021-22,0.3151862464183381
22021,1629631,De'Andre Hunter,1610612737,ATL,Atlanta Hawks,Handoff,Defensive,0.099,54,0.064,1.195,0.581,0.07,0.17,0.07,0.0,0.512,0.661,0.8,0.9,0.3,0.6,0.2,2021-22,0.2922636103151863
22021,203085,Austin Rivers,1610612743,DEN,Denver Nuggets,Handoff,Defensive,0.426,67,0.098,0.942,0.429,0.08,0.13,0.08,0.02,0.404,0.524,0.8,0.7,0.3,0.6,0.4,2021-22,0.8065902578796562
22021,1628972,Troy Brown Jr.,1610612741,CHI,Chicago Bulls,Handoff,Defensive,0.509,66,0.121,0.907,0.432,0.09,0.09,0.09,0.0,0.426,0.477,0.8,0.7,0.3,0.7,0.4,2021-22,0.9627507163323782
22021,1626179,Terry Rozier,1610612766,CHA,Charlotte Hornets,Handoff,Defensive,0.53,73,0.07,0.891,0.404,0.05,0.11,0.04,0.02,0.382,0.489,0.8,0.7,0.3,0.6,0.4,2021-22,0.3510028653295129
22021,1629652,Luguentz Dort,1610612760,OKC,Oklahoma City Thunder,Handoff,Defensive,0.53,51,0.081,0.891,0.364,0.13,0.11,0.11,0.04,0.382,0.443,1.1,1.0,0.3,0.9,0.5,2021-22,0.5315186246418339
22021,202704,Reggie Jackson,1610612746,LAC,LA Clippers,Handoff,Defensive,0.787,75,0.084,0.731,0.321,0.06,0.13,0.06,0.03,0.299,0.384,0.9,0.7,0.2,0.7,0.5,2021-22,0.5816618911174785
22021,1629632,Coby White,1610612741,CHI,Chicago Bulls,Handoff,Defensive,0.63,61,0.105,0.833,0.313,0.1,0.1,0.08,0.0,0.35,0.385,1.0,0.8,0.2,0.8,0.5,2021-22,0.8810888252148997
22021,1629684,Grant Williams,1610612738,BOS,Boston Celtics,Handoff,Defensive,0.128,77,0.057,1.159,0.472,0.11,0.09,0.11,0.02,0.477,0.556,0.6,0.7,0.2,0.5,0.2,2021-22,0.23209169054441262
22021,202692,Alec Burks,1610612752,NYK,New York Knicks,Handoff,Defensive,0.582,81,0.07,0.864,0.409,0.08,0.17,0.05,0.0,0.39,0.466,0.7,0.6,0.2,0.5,0.3,2021-22,0.3510028653295129
22021,1628970,Miles Bridges,1610612766,CHA,Charlotte Hornets,Handoff,Defensive,0.074,80,0.043,1.238,0.6,0.07,0.24,0.07,0.02,0.476,0.783,0.5,0.7,0.2,0.4,0.2,2021-22,0.1318051575931232
22021,203095,Evan Fournier,1610612752,NYK,New York Knicks,Handoff,Defensive,0.622,80,0.089,0.839,0.373,0.1,0.1,0.08,0.02,0.387,0.431,0.8,0.7,0.2,0.6,0.4,2021-22,0.66189111747851
22021,1628971,Bruce Brown,1610612751,BKN,Brooklyn Nets,Handoff,Defensive,0.77,72,0.1,0.743,0.327,0.07,0.14,0.04,0.0,0.329,0.4,1.0,0.7,0.3,0.8,0.5,2021-22,0.829512893982808
22021,1629659,Talen Horton-Tucker,1610612747,LAL,Los Angeles Lakers,Handoff,Defensive,0.116,60,0.074,1.178,0.5,0.09,0.16,0.09,0.0,0.467,0.662,0.8,0.9,0.3,0.6,0.3,2021-22,0.4169054441260745
22021,203526,Raul Neto,1610612764,WAS,Washington Wizards,Handoff,Defensive,0.173,70,0.092,1.104,0.477,0.02,0.06,0.02,0.0,0.458,0.58,0.7,0.8,0.3,0.6,0.3,2021-22,0.7091690544412608
22021,1626192,Pat Connaughton,1610612749,MIL,Milwaukee Bucks,Handoff,Defensive,0.21,65,0.081,1.082,0.477,0.0,0.1,0.0,0.0,0.429,0.602,0.8,0.8,0.3,0.7,0.4,2021-22,0.5315186246418339
22021,1629018,Gary Trent Jr.,1610612761,TOR,Toronto Raptors,Handoff,Defensive,0.295,70,0.078,1.019,0.568,0.1,0.21,0.1,0.02,0.481,0.649,0.7,0.8,0.3,0.5,0.2,2021-22,0.4871060171919771
22021,202340,Avery Bradley,1610612747,LAL,Los Angeles Lakers,Handoff,Defensive,0.46,62,0.105,0.93,0.417,0.05,0.11,0.05,0.0,0.404,0.49,0.9,0.9,0.3,0.8,0.5,2021-22,0.8810888252148997
22021,202711,Bojan Bogdanovic,1610612762,UTA,Utah Jazz,Handoff,Defensive,0.597,69,0.102,0.855,0.382,0.03,0.08,0.03,0.0,0.355,0.455,0.9,0.8,0.3,0.8,0.5,2021-22,0.8510028653295129
22021,1628420,Monte Morris,1610612743,DEN,Denver Nuggets,Handoff,Defensive,0.716,75,0.098,0.779,0.382,0.07,0.13,0.07,0.01,0.368,0.409,0.9,0.7,0.3,0.7,0.5,2021-22,0.8065902578796562
22021,1630559,Austin Reaves,1610612747,LAL,Los Angeles Lakers,Handoff,Defensive,0.136,61,0.077,1.149,0.55,0.06,0.11,0.06,0.02,0.511,0.625,0.8,0.9,0.4,0.7,0.3,2021-22,0.47421203438395415
22021,201988,Patty Mills,1610612751,BKN,Brooklyn Nets,Handoff,Defensive,0.321,81,0.08,1.0,0.455,0.07,0.11,0.06,0.0,0.444,0.534,0.7,0.7,0.2,0.5,0.3,2021-22,0.5200573065902578
22021,1630532,Franz Wagner,1610612753,ORL,Orlando Magic,Handoff,Defensive,0.732,79,0.083,0.771,0.344,0.06,0.09,0.06,0.01,0.343,0.402,0.9,0.7,0.3,0.8,0.5,2021-22,0.5659025787965616
22021,203493,Reggie Bullock,1610612742,DAL,Dallas Mavericks,Handoff,Defensive,0.707,68,0.117,0.786,0.377,0.1,0.17,0.09,0.03,0.357,0.425,1.0,0.8,0.3,0.8,0.5,2021-22,0.9527220630372493
22021,1630245,Ayo Dosunmu,1610612741,CHI,Chicago Bulls,Handoff,Defensive,0.781,77,0.098,0.733,0.295,0.11,0.08,0.11,0.0,0.347,0.352,1.0,0.7,0.2,0.8,0.6,2021-22,0.8065902578796562
22021,101108,Chris Paul,1610612756,PHX,Phoenix Suns,Handoff,Defensive,0.483,65,0.104,0.918,0.44,0.05,0.15,0.05,0.02,0.393,0.51,0.9,0.9,0.3,0.8,0.4,2021-22,0.8667621776504298
22021,1629001,De'Anthony Melton,1610612763,MEM,Memphis Grizzlies,Handoff,Defensive,0.668,73,0.113,0.812,0.37,0.09,0.17,0.09,0.04,0.333,0.454,0.9,0.8,0.3,0.7,0.5,2021-22,0.9340974212034384
22021,1628369,Jayson Tatum,1610612738,BOS,Boston Celtics,Handoff,Defensive,0.849,76,0.104,0.687,0.299,0.0,0.07,0.0,0.0,0.277,0.37,1.1,0.8,0.3,1.0,0.7,2021-22,0.8667621776504298
22021,1628401,Derrick White,1610612759,SAS,San Antonio Spurs,Handoff,Defensive,0.051,49,0.073,1.289,0.571,0.13,0.13,0.11,0.04,0.533,0.7,0.9,1.2,0.4,0.7,0.3,2021-22,0.3997134670487106
22021,1627749,Dejounte Murray,1610612759,SAS,San Antonio Spurs,Handoff,Defensive,0.382,68,0.071,0.967,0.462,0.03,0.1,0.03,0.0,0.433,0.519,0.9,0.9,0.4,0.8,0.4,2021-22,0.3653295128939828
22021,203897,Zach LaVine,1610612741,CHI,Chicago Bulls,Handoff,Defensive,0.71,67,0.1,0.784,0.391,0.01,0.12,0.01,0.0,0.351,0.445,1.1,0.9,0.4,1.0,0.6,2021-22,0.829512893982808
22021,1627741,Buddy Hield,1610612758,SAC,Sacramento Kings,Handoff,Defensive,0.151,55,0.1,1.135,0.511,0.1,0.1,0.1,0.06,0.481,0.611,0.9,1.1,0.4,0.8,0.4,2021-22,0.829512893982808
22021,1630595,Cade Cunningham,1610612765,DET,Detroit Pistons,Handoff,Defensive,0.188,64,0.073,1.093,0.435,0.07,0.09,0.07,0.02,0.426,0.554,0.8,0.9,0.3,0.7,0.4,2021-22,0.3997134670487106
22021,1630166,Deni Avdija,1610612764,WAS,Washington Wizards,Handoff,Defensive,0.747,82,0.089,0.766,0.328,0.1,0.06,0.09,0.0,0.377,0.383,0.9,0.7,0.3,0.8,0.5,2021-22,0.66189111747851
22021,1628984,Devonte' Graham,1610612740,NOP,New Orleans Pelicans,Handoff,Defensive,0.222,76,0.083,1.071,0.44,0.05,0.07,0.05,0.02,0.429,0.55,0.7,0.8,0.3,0.7,0.4,2021-22,0.5659025787965616
22021,1630175,Cole Anthony,1610612753,ORL,Orlando Magic,Handoff,Defensive,0.401,66,0.084,0.952,0.424,0.06,0.03,0.06,0.03,0.429,0.475,1.0,0.9,0.4,0.9,0.5,2021-22,0.5816618911174785
22021,1630217,Desmond Bane,1610612763,MEM,Memphis Grizzlies,Handoff,Defensive,0.616,76,0.086,0.845,0.407,0.07,0.11,0.07,0.01,0.394,0.458,0.9,0.8,0.3,0.8,0.5,2021-22,0.6074498567335244
22021,1629680,Matisse Thybulle,1610612755,PHI,Philadelphia 76ers,Handoff,Defensive,0.776,66,0.111,0.741,0.344,0.11,0.17,0.11,0.04,0.321,0.402,1.2,0.9,0.3,0.9,0.6,2021-22,0.9240687679083095
22021,1630557,Corey Kispert,1610612764,WAS,Washington Wizards,Handoff,Defensive,0.727,77,0.154,0.772,0.313,0.1,0.08,0.1,0.03,0.342,0.373,1.0,0.8,0.3,0.9,0.6,2021-22,0.9914040114613181
22021,201942,DeMar DeRozan,1610612741,CHI,Chicago Bulls,Handoff,Defensive,0.085,76,0.076,1.216,0.521,0.06,0.02,0.06,0.02,0.51,0.615,0.7,0.8,0.3,0.6,0.3,2021-22,0.45702005730659023
22021,202710,Jimmy Butler,1610612748,MIA,Miami Heat,Handoff,Defensive,0.202,58,0.11,1.088,0.479,0.11,0.09,0.11,0.04,0.474,0.573,1.0,1.1,0.4,0.8,0.4,2021-22,0.9154727793696275
22021,1630170,Devin Vassell,1610612759,SAS,San Antonio Spurs,Handoff,Defensive,0.17,71,0.092,1.105,0.51,0.04,0.09,0.04,0.02,0.474,0.598,0.8,0.9,0.4,0.7,0.4,2021-22,0.7091690544412608
22021,1629628,RJ Barrett,1610612752,NYK,New York Knicks,Handoff,Defensive,0.472,70,0.069,0.926,0.377,0.13,0.12,0.13,0.03,0.397,0.443,1.0,0.9,0.3,0.8,0.5,2021-22,0.33954154727793695
22021,1626164,Devin Booker,1610612756,PHX,Phoenix Suns,Handoff,Defensive,0.611,68,0.093,0.851,0.406,0.04,0.11,0.04,0.01,0.378,0.469,1.1,0.9,0.4,0.9,0.6,2021-22,0.7263610315186246
22021,203200,Justin Holiday,1610612754,IND,Indiana Pacers,Handoff,Defensive,0.028,49,0.095,1.391,0.692,0.07,0.11,0.07,0.02,0.609,0.795,0.9,1.3,0.6,0.8,0.2,2021-22,0.7535816618911175
22021,1628368,De'Aaron Fox,1610612758,SAC,Sacramento Kings,Handoff,Defensive,0.578,59,0.093,0.865,0.403,0.08,0.11,0.07,0.03,0.378,0.468,1.3,1.1,0.4,1.1,0.6,2021-22,0.7263610315186246
22021,203952,Andrew Wiggins,1610612744,GSW,Golden State Warriors,Handoff,Defensive,0.79,73,0.096,0.73,0.32,0.07,0.1,0.07,0.01,0.326,0.367,1.2,0.9,0.3,1.0,0.7,2021-22,0.7736389684813754
22021,1630529,Herbert Jones,1610612740,NOP,New Orleans Pelicans,Handoff,Defensive,0.593,78,0.082,0.857,0.397,0.06,0.12,0.06,0.0,0.39,0.452,1.0,0.8,0.3,0.8,0.5,2021-22,0.5487106017191977
22021,203932,Aaron Gordon,1610612743,DEN,Denver Nuggets,Handoff,Defensive,0.321,75,0.077,1.0,0.419,0.07,0.06,0.07,0.06,0.403,0.5,0.9,0.9,0.3,0.8,0.5,2021-22,0.47421203438395415
22021,1629750,Javonte Green,1610612741,CHI,Chicago Bulls,Handoff,Defensive,0.321,65,0.113,1.0,0.426,0.13,0.07,0.13,0.01,0.448,0.491,1.0,1.0,0.4,0.8,0.5,2021-22,0.9340974212034384
22021,201950,Jrue Holiday,1610612749,MIL,Milwaukee Bucks,Handoff,Defensive,0.366,67,0.074,0.985,0.433,0.01,0.1,0.01,0.0,0.397,0.542,1.0,1.0,0.4,0.9,0.5,2021-22,0.4169054441260745
22021,203484,Kentavious Caldwell-Pope,1610612764,WAS,Washington Wizards,Handoff,Defensive,0.264,77,0.086,1.03,0.464,0.08,0.09,0.08,0.02,0.455,0.536,0.9,0.9,0.3,0.7,0.4,2021-22,0.6074498567335244
22021,1628989,Kevin Huerter,1610612737,ATL,Atlanta Hawks,Handoff,Defensive,0.563,74,0.1,0.873,0.409,0.04,0.13,0.03,0.0,0.38,0.477,1.1,0.9,0.4,0.9,0.5,2021-22,0.829512893982808
22021,1628960,Grayson Allen,1610612749,MIL,Milwaukee Bucks,Handoff,Defensive,0.256,66,0.114,1.045,0.435,0.03,0.04,0.03,0.0,0.433,0.54,1.0,1.1,0.4,0.9,0.5,2021-22,0.9441260744985673
22021,1630558,Davion Mitchell,1610612758,SAC,Sacramento Kings,Handoff,Defensive,0.454,75,0.094,0.933,0.387,0.11,0.09,0.08,0.03,0.4,0.484,1.0,0.9,0.3,0.8,0.5,2021-22,0.7378223495702005
22021,1627759,Jaylen Brown,1610612738,BOS,Boston Celtics,Handoff,Defensive,0.409,66,0.107,0.947,0.41,0.05,0.13,0.04,0.0,0.387,0.525,1.1,1.1,0.4,0.9,0.5,2021-22,0.8968481375358166
22021,1629640,Keldon Johnson,1610612759,SAS,San Antonio Spurs,Handoff,Defensive,0.259,75,0.089,1.042,0.426,0.06,0.08,0.06,0.0,0.423,0.549,0.9,1.0,0.3,0.8,0.5,2021-22,0.66189111747851
22021,203935,Marcus Smart,1610612738,BOS,Boston Celtics,Handoff,Defensive,0.553,71,0.106,0.881,0.342,0.02,0.04,0.02,0.0,0.345,0.437,1.2,1.0,0.4,1.1,0.7,2021-22,0.8911174785100286
22021,1629611,Terance Mann,1610612746,LAC,LA Clippers,Handoff,Defensive,0.548,81,0.104,0.882,0.389,0.06,0.09,0.05,0.0,0.388,0.451,1.0,0.9,0.3,0.9,0.5,2021-22,0.8667621776504298
22021,1630178,Tyrese Maxey,1610612755,PHI,Philadelphia 76ers,Handoff,Defensive,0.605,75,0.095,0.852,0.367,0.07,0.07,0.07,0.03,0.364,0.437,1.2,1.0,0.4,1.1,0.7,2021-22,0.7535816618911175
22021,203114,Khris Middleton,1610612749,MIL,Milwaukee Bucks,Handoff,Defensive,0.205,66,0.092,1.086,0.415,0.04,0.03,0.03,0.0,0.429,0.554,1.1,1.2,0.4,1.0,0.6,2021-22,0.7091690544412608
22021,203914,Gary Harris,1610612753,ORL,Orlando Magic,Handoff,Defensive,0.241,61,0.122,1.056,0.459,0.08,0.07,0.07,0.0,0.472,0.533,1.2,1.2,0.5,1.0,0.5,2021-22,0.9656160458452722
22021,1628969,Mikal Bridges,1610612756,PHX,Phoenix Suns,Handoff,Defensive,0.57,82,0.084,0.871,0.359,0.11,0.09,0.1,0.03,0.376,0.417,1.1,1.0,0.3,1.0,0.6,2021-22,0.5816618911174785
22021,201566,Russell Westbrook,1610612747,LAL,Los Angeles Lakers,Handoff,Defensive,0.386,78,0.11,0.965,0.441,0.06,0.15,0.05,0.01,0.4,0.544,1.1,1.1,0.4,0.9,0.5,2021-22,0.9154727793696275
22021,1629027,Trae Young,1610612737,ATL,Atlanta Hawks,Handoff,Defensive,0.111,76,0.088,1.181,0.471,0.06,0.03,0.06,0.03,0.472,0.581,0.9,1.1,0.4,0.9,0.5,2021-22,0.6418338108882522
22021,1628378,Donovan Mitchell,1610612762,UTA,Utah Jazz,Handoff,Defensive,0.179,67,0.133,1.099,0.465,0.05,0.07,0.05,0.0,0.457,0.577,1.2,1.3,0.5,1.1,0.6,2021-22,0.9828080229226361
22021,1629673,Jordan Poole,1610612744,GSW,Golden State Warriors,Handoff,Defensive,0.125,76,0.13,1.165,0.522,0.12,0.11,0.12,0.04,0.494,0.63,1.1,1.3,0.5,0.9,0.4,2021-22,0.9742120343839542
22021,203903,Jordan Clarkson,1610612762,UTA,Utah Jazz,Handoff,Defensive,0.267,79,0.157,1.03,0.488,0.04,0.13,0.03,0.01,0.44,0.577,1.3,1.3,0.5,1.1,0.5,2021-22,0.994269340974212
22021,1626220,Royce O'Neale,1610612762,UTA,Utah Jazz,Handoff,Defensive,0.298,77,0.126,1.008,0.434,0.05,0.07,0.05,0.02,0.416,0.527,1.6,1.6,0.6,1.5,0.8,2021-22,0.9713467048710601
